-1.413019122	-1.374297716
-1.419432678	-1.404707084
-1.115274607	-1.11142178
-1.268714094	-1.213093507
-0.007867134	-0.002190153
-0.555934714	-0.603466301
0.464403866	0.374471342
0.769533688	0.677413156
-0.237200377	-0.49749426
-0.252748394	-0.202615536
-0.252748394	-0.282478523
-0.563708723	-0.538577624
-1.173968369	-1.104145801
-1.175911871	-1.094546884
-1.179798875	-1.180937136
0.264223154	0.143713382
0.652923565	0.71964839
0.891002567	0.882829976
0.871567546	0.906827268
0.856991281	0.906827268
1.298166248	1.333979065
1.537217001	1.593149819
1.513894976	1.564353069
1.496403458	1.506759568
CE
950	945	940	935	900	890	885	875	770	765	765	760	750	749	747	745	676	725	721	718	674	715	711	708

CEr
780 775	775	770	710	706	703	699	690	687	683	680	633	630	598	595	608	605	602	572	657	653	650	618

D
300000	350000	350000	300000	450000	450000	400000	500000	400000	400000	400000	350000	250000	250000	250000	500000	500000	500000	500000	500000	500000	500000	500000	500000

Cap
660000	660000	830000	750000	1500000	1200000	1800000	2000000	1600000	1600000	1600000	1400000	1000000	1000000	1000000	2000000	2500000	2500000	2500000	2500000	3000000	3000000	3000000	3000000

PC
76	76	80	80	69.6	68.8	71.2	70.4	67.2	66.4	68.8	68	63.2	62.4	61.6	64.8	52.8	58.4	57.6	56.8	57.6	63.2	62.4	61.6

PCr
64	63.2	65.6	64.8	50.4	49.6	48.8	48	53.6	52.8	52	51.2	51.2	50.4	49.6	51.2	48.8	48	47.2	46.4	52	51.2	50.4	49.6

SP
124	126	124	126	117	120	116	120	115	128	122	127	119	125	123	121	119	116	124	130	128	129	124	125

FC
450000	453000	454500	457500	1485000	1492425	1567046	1661069	1606176	1614207	1694917	1796612	1850850	1961901	2158091	2136510	2069496	2172971	2303349	2533684	2238367	2350285	2491302	2740433
